9 1 a
9 1 b
9 1 c
9 1 d
9 1 e
9 1 f
9 1 g
9 1 h
9 1 i
9 1 g
9 1 k
9 1 l
9 1 m
9 1 n
9 1 o
9 1 p
9 1 q
9 1 r
9 1 s
9 1 t
9 1 u
9 1 v
9 1 w
9 1 x
9 1 y
9 1 z
9 1 A
9 1 B
9 1 C
9 1 D
9 1 E
9 1 F
9 1 G
9 1 H
9 1 I
9 1 G
9 1 K
9 1 L
9 1 M
9 1 N
9 1 O
9 1 P
9 1 Q
9 1 R
9 1 S
9 1 T
9 1 U
9 1 V
9 1 W
9 1 X
9 1 Y
9 1 Z
9 1 _
1 1 a
1 1 b
1 1 c
1 1 d
1 1 e
1 1 f
1 1 g
1 1 h
1 1 i
1 1 g
1 1 k
1 1 l
1 1 m
1 1 n
1 1 o
1 1 p
1 1 q
1 1 r
1 1 s
1 1 t
1 1 u
1 1 v
1 1 w
1 1 x
1 1 y
1 1 z
1 1 A
1 1 B
1 1 C
1 1 D
1 1 E
1 1 F
1 1 G
1 1 H
1 1 I
1 1 G
1 1 K
1 1 L
1 1 M
1 1 N
1 1 O
1 1 P
1 1 Q
1 1 R
1 1 S
1 1 T
1 1 U
1 1 V
1 1 W
1 1 X
1 1 Y
1 1 Z
1 1 _
1 1 0
1 1 1
1 1 2
1 1 3
1 1 4
1 1 5
1 1 6
1 1 7
1 1 8
1 1 9
9 2 +
9 2 *
9 2 /
9 2 %
9 2 (
9 2 )
9 2 {
9 2 }
9 2 ;
9 2 ,
9 3 =
9 3 <
9 3 >
3 2 =
3 2 $
9 4 !
4 2 =
9 5 &
5 2 &
9 6 |
6 2 |
9 7 0
9 7 1
9 7 2
9 7 3
9 7 4
9 7 5
9 7 6
9 7 7
9 7 8
9 7 9
7 7 0
7 7 1
7 7 2
7 7 3
7 7 4
7 7 5
7 7 6
7 7 7
7 7 8
7 7 9
9 8 space
9 8 tab
9 8 \n
9 8 \t
9 8 \r
9 8 #
8 8 space
8 8 tab
8 8 \n
8 8 \t
8 8 \r
8 8 #